39276
7095
14574
43458
13841
8188
48234
20556
64145
54350
21585
37014
64311
60962
51153
62294
32333
20012
5521
12439
46155
12914
42776
46868
15015
8160
58894
59282
48129
52605
33664
29792
8760
10326
17280
40070
4914
52901
25510
43458
25682
50921
10460
3679
62623
25820
60211
15983
59230
11967
11505
19852
37310
39256
14254
187
62299
52450
7761
21025
13351
37085
20628
60373
10193
29898
35674
22166
6271
20583
31786
6900
17815
2893
62551
56667
22772
2629
52646
12887
10816
46106
23823
3529
9902
51451
27814
61618
38931
6723
37449
25386
25283
58745
26901
36346
2771
18555
48912
32491
24723
5757
27114
34466
59093
43516
56510
19744
15519
3886
10357
29875
50448
14671
8214
37113
48184
37704
29969
41568
31791
38492
50439
23756
7071
40802
30073
5111
52185
47488
33224
61398
35187
50216
59419
57684
15526
15758
31081
61913
20350
7064
31516
55603
56450
50936
48425
2855
53833
20373
45296
37636
64624
58002
19199
26078
41475
348
24507
17962
63985
53909
65345
47948
53406
33209
37846
63419
27520
9442
7770
11976
41532
12803
33070
53807
48350
39341
62187
23935
30268
5684
14944
50330
25903
54795
31696
47343
30866
6326
6084
55630
26139
39435
19684
30751
17456
16552
5063
3602
45167
46675
38016
10698
8363
41920
58692
55884
24569
51573
44809
14349
61043
11528
19396
63927
32154
57697
53517
31817
9765
27162
54485
33944
7103
31160
6087
22597
35060
28838
23764
55426
11983
62438
48902
42965
16673
38470
45283
22298
30767
37428
21190
17537
15085
9489
753
35440
14314
13137
29194
49905
28579
28512
21491
53471
7722
34798
8124
34841
46471
42410
37832
19589
8967
16510
44443
21118
26827
39297
63851
29882
32859
48421
1156
55794
60133
10501
342
21048
1697
7792
27812
13995
34523
26204
37712
8376
27398
12650
65368
22175
49770
44809
3072
52034
64065
38413
39868
59002
34065
53029
18937
31361
20694
43842
36429
47518
51050
64732
26915
14024
22210
16348
6925
60155
44638
61622
35507
29084
49621
50244
49405
42688
3870
40838
58127
9462
53032
48329
23808
51998
23014
8960
19033
6292
47466
32960
18785
21677
54008
11878
46970
51193
44811
59117
13969
55594
53852
1208
24805
22023
45165
23526
49383
10642
31810
18017
47468
62804
52124
858
46687
37602
1322
5197
8940
11920
41043
61817
38584
6899
7702
63195
64404
30892
62512
15848
5991
34113
38521
44833
40473
43165
25708
44538
23602
57753
39593
39278
2077
55523
61298
63502
9342
58597
14078
36868
7570
35624
9779
11874
25749
21169
61674
19821
60140
61610
21012
46002
41333
19476
22699
9718
56151
30796
49592
14428
60648
28421
28532
36899
37724
64358
48169
41739
36601
20333
40738
23596
917
9418
20243
29695
16651
63835
51670
43739
21096
63367
18947
9854
24094
55867
43282
44119
28391
44393
15864
20496
37639
42234
19758
61356
31303
32570
17834
49537
26795
33640
3918
37936
47251
19262
45140
47565
31111
11603
45333
65028
25733
30850
26092
20356
17162
19483
46802
51021
38327
59352
266
37168
19086
59340
16870
34813
25479
15800
10234
33243
48378
30962
53898
46639
37480
21069
41906
703
51035
41137
24912
20852
25731
8040
4252
61360
42479
30438
12785
17312
39370
5677
51841
12255
52869
54342
39494
25059
18167
24730
57851
16627
43554
64721
47498
49484
60951
13659
32566
52902
2377
38147
50489
41469
11912
3704
4856
15701
56671
55962
8744
36005
30111
17865
7200
43578
51466
45034
63920
24086
21590
21595
5410
51265
51324
9982
23561
58628
33205
46098
21047
11433
35339
57357
18985
26180
7376
11584
13877
4831
3725
48391
12999
54292
29850
11266
10574
23374
53334
8752
34648
50509
30441
37784
10804
36113
65225
14880
3872
16766
60243
26620
42832
61109
21470
31120
34740
18260
51669
36996
35604
24196
43037
60879
62345
35543
20596
59459
2967
28422
45261
46799
45148
18765
63017
52083
56060
28849
17277
27668
4258
14554
64742
21292
52057
32240
4366
4614
48201
35377
12155
31519
54811
21239
2533
45929
36464
43740
19355
32557
48161
46877
33795
43256
65247
63229
45932
55543
8458
33190
51977
5995
26486
53643
17718
26585
6501
53289
63866
12905
40647
43627
41780
30691
41167
55578
55746
24865
29341
20971
51367
36536
21033
57620
5321
30619
34340
39288
33936
8054
2408
15834
8997
54766
63728
43423
21953
35079
52153
65099
19750
25840
1306
42411
12083
3196
28656
49841
34136
5661
29742
11632
57020
47962
1658
36127
4148
49835
25511
3614
11171
47088
60759
54741
47894
1055
21292
64282
17836
33828
53703
64466
56254
59096
57300
30796
51342
34131
40623
15888
28900
9565
57619
14168
27382
22050
31723
50714
33708
61788
54582
2470
27535
63854
36873
61672
22784
11707
44136
12609
61864
33707
11048
61239
6437
25375
2758
19176
57964
23150
24300
2770
21249
42683
2798
17369
7893
48097
52438
23163
10224
8551
25612
52787
47555
55915
41307
29282
64553
58174
38749
36594
30941
31433
18325
43879
16124
13897
29340
53484
56879
44371
24175
61319
15730
45299
50663
57418
2983
60742
56722
38465
63781
57164
42221
21088
3293
43828
9611
49091
44102
30818
60568
26096
30422
2554
60386
51763
64300
47907
3960
22569
55452
24556
37150
61546
54000
48287
23688
752
10989
57349
29679
56811
39901
10133
3388
22872
18518
43334
16889
2027
46531
11170
26841
24378
31337
23727
7161
59330
11123
8324
13446
2406
21511
17511
41022
50960
10736
45117
30873
3031
25549
2292
37806
43621
3875
12567
23832
64484
50470
60341
61148
2895
54033
14014
32872
21595
14755
32751
35282
32515
9706
18445
46237
55796
16252
58901
32423
6936
56430
5422
33017
38558
36212
40753
40957
26110
11138
32817
7797
8832
30583
10381
3580
58666
49900
18490
59246
14778
687
45559
2414
59169
3731
11759
23509
44606
56042
27474
41473
64485
50361
62907
60535
40267
61062
6212
49646
43609
28435
49939
47415
28779
12615
54065
26224
21933
52135
58851
20310
39409
59842
10976
35280
61937
47583
22953
15907
11610
63562
4195
24830
6981
59195
58386
2476
27677
47493
23869
5109
24410
38531
63231
40010
8121
33303
5057
1363
3381
43892
14412
55584
8729
13318
56892
4857
43880
39995
55247
23281
50591
6605
47963
63124
18734
2370
43600
48086
58974
1596
14554
4702
15137
33569
22152
64444
20069
45969
6009
